494 G 4001004404440000440 7441.

πέωωηο44144444001044444104014100144140144044ι
9. nummi mum 4014 01. 4140 Tuitus 44 41004
414 44044 41044 10 «404. 1040404 quotidie fdicimtm 1444004444
1 Nerua 7401044444 44 44 4404114411 duran 14 1040 1401144141
4044411 440404 04 prinoipem 9441044444 uiden-
mmmmm 04. 44. 11 wok 19) quod [44410
144444 liberorum] 0440404044 pam 41 eun 41444014 4104444411
. gamit 44111040 Voconio 11044040 0444414] 40404044 dim
1144404 4000000004 04. vm. 114900 11414404) meniu
0444441140 14 04044ζο144 quam 400 1144404 44 ’ . But 04 000444
10 4 100 44 4 4104440144(ιο 14 41101100 04 414
00441 ’1140 04 4 404044 00441404 (444 0044 141044).

4110441441441040 44400104 x. 04 Domitium 01. Pan. ω
(01 1104014140( iao 0011441 0414444044 4004144104 44 contifex, 4041 414
manum 10 J 044041 (4.0. 4. 37 11401114014041404.

400104040104001144041441414040440440441 401414 414
41401014οω 44 4404114οἰ00 414 quoa-elme 444144 4140 414
4004ιο14044, 4011 4114 Interpromium 14 10404 004 10 014000
114101414114414144414144
11 19 0,-841. 611, 4041 41404 414 (14001444 04 Ρο40 14
0414410414444 11410, 1441, died 40444441 414 mi 4114
04 414 0444 97 (444 14. 1³. ⁴.-Sol. 44), 4041 414 444 trium
1414404444 4404 4004444441 0000 him 44410 10 99. 14 14 001
’114 4144414 “ with 4141004014 (444 44. 19,-841
11114001 01404 14444440 444 4440 (14444. 404 40 440 nothing
41004 414 1444140 04 414 104044401ος,Ι 41404. 11444 4400141 14
00 444400 404 414 4044141401414441144044044040440
10 414 041404 0114 1044 04444141 40 4 0000 4404040, 4410
{epatu 01004014ὶ 001141141ἑο 10 014ἢο104ιᾶ441 gardia . §till t1:⁸⁸ 440οΕ
· n 44 0 04400404 0
l adytouffitho mtpamacumddoetff’w
n. 13. 9,-841 194 x. 95). 0441440044, if 414 tou-ringo
¹ 44141 calpurni· 40404110 did 4414 01404 44 4114 time, 144444
w. 19 (Sel. 31), 4041 4004440410 414 441014 04000 01 1444444
40 md 41004 (1410οω14, 0404414 4440 1441104041 0004044444ΰο
004 04 01404414000100104110 10 414 404144 444144 011414444
Th« 0010 0001114141144, 414444οη, 144144 Pliny 4444 married ;
41444 414044. 444104 10 1100141401 reign 4041 0004 (440 14444440
1024041 101) 10 1441401. Th· fint 4440 441444 444 unknown
mwssssffispl). ' 400444041040441444114
4

14 4444 100110

 

